Данные измерений. Отсчеты таймера. 1193180 отсчетов - 1 секунда.
Всего проведено измерений:  391 
T1 - момент нарушения оптического тракта.
 T2 - момент восстановления оптического тракта.
 #N |   T1   |   T2  |   dT |   T  |  
 0 , 644259,  647378,  3119 
1 , 2605321,  2608449,  3128 , 3922133 
2 , 4388601,  4391743,  3142 , 3566574 
3 , 6074578,  6077727,  3149 , 3371961 
4 , 7688779,  7691943,  3164 , 3228417 
5 , 9250857,  9254031,  3174 , 3124166 
6 , 10767634,  10770820,  3186 , 3033566 
7 , 12249439,  12252635,  3196 , 2963620 
8 , 13698990,  13702198,  3208 , 2899114 
9 , 15121407,  15124627,  3220 , 2844846 
10 , 16519257,  16522488,  3231 , 2795711 
11 , 17895514,  17898755,  3241 , 2752524 
12 , 19251645,  19254898,  3253 , 2712274 
13 , 20590381,  20593645,  3264 , 2677483 
14 , 21912304,  21915580,  3276 , 2643858 
15 , 23219260,  23222546,  3286 , 2613922 
16 , 24511830,  24515129,  3299 , 2585153 
17 , 25791444,  25794753,  3309 , 2559238 
18 , 27058483,  27061804,  3321 , 2534090 
19 , 28313975,  28317307,  3332 , 2510995 
20 , 29558719,  29562063,  3344 , 2489500 
21 , 30793057,  30796410,  3353 , 2468685 
22 , 32018088,  32021453,  3365 , 2450074 
23 , 33233830,  33237206,  3376 , 2431495 
24 , 34440605,  34443993,  3388 , 2413562 
25 , 35639258,  35642656,  3398 , 2397316 
26 , 36829737,  36833149,  3412 , 2380972 
27 , 38012815,  38016235,  3420 , 2366164 
28 , 39188511,  39191945,  3434 , 2351406 
29 , 40357312,  40360755,  3443 , 2337611 
30 , 41519390,  41522845,  3455 , 2324168 
31 , 42675086,  42678551,  3465 , 2311402 
32 , 43824578,  43828056,  3478 , 2298997 
33 , 44968163,  44971651,  3488 , 2287180 
34 , 46105721,  46109221,  3500 , 2275128 
35 , 47237906,  47241416,  3510 , 2264380 
36 , 48364654,  48368177,  3523 , 2253509 
37 , 49486319,  49489851,  3532 , 2243339 
38 , 50602819,  50606362,  3543 , 2233011 
39 , 51714569,  51718124,  3555 , 2223512 
40 , 52821507,  52825075,  3568 , 2213889 
41 , 53923916,  53927495,  3579 , 2204829 
42 , 55021942,  55025532,  3590 , 2196063 
43 , 56115764,  56119364,  3600 , 2187654 
44 , 57205230,  57208841,  3611 , 2178943 
45 , 58290910,  58294534,  3624 , 2171373 
46 , 59372507,  59376142,  3635 , 2163205 
47 , 60450348,  60453995,  3647 , 2155694 
48 , 61524426,  61528082,  3656 , 2148165 
49 , 62594984,  62598651,  3667 , 2141127 
50 , 63661906,  63665585,  3679 , 2133856 
51 , 64725477,  64729167,  3690 , 2127153 
52 , 65785631,  65789331,  3700 , 2120318 
53 , 66842559,  66846270,  3711 , 2113867 
54 , 67896295,  67900019,  3724 , 2107485 
55 , 68946867,  68950600,  3733 , 2101153 
56 , 69994548,  69998292,  3744 , 2095373 
57 , 71039115,  71042871,  3756 , 2089146 
58 , 72080911,  72084679,  3768 , 2083604 
59 , 73119799,  73123578,  3779 , 2077787 
60 , 74155917,  74159707,  3790 , 2072247 
61 , 75189329,  75193129,  3800 , 2066834 
62 , 76220024,  76223835,  3811 , 2061401 
63 , 77248255,  77252078,  3823 , 2056474 
64 , 78273850,  78277684,  3834 , 2051201 
65 , 79297086,  79300932,  3846 , 2046484 
66 , 80317804,  80321661,  3857 , 2041447 
67 , 81336187,  81340053,  3866 , 2036775 
68 , 82352172,  82356049,  3877 , 2031981 
69 , 83365854,  83369744,  3890 , 2027377 
70 , 84377325,  84381226,  3901 , 2022953 
71 , 85386531,  85390441,  3910 , 2018421 
72 , 86393537,  86397459,  3922 , 2014024 
73 , 87398544,  87402478,  3934 , 2010026 
74 , 88401371,  88405316,  3945 , 2005665 
75 , 89402307,  89406261,  3954 , 2001881 
76 , 90401080,  90405047,  3967 , 1997559 
77 , 91398002,  91401979,  3977 , 1993854 
78 , 92393011,  92396998,  3987 , 1990028 
79 , 93386091,  93390090,  3999 , 1986172 
80 , 94377385,  94381396,  4011 , 1982600 
81 , 95366830,  95370852,  4022 , 1978901 
82 , 96354427,  96358458,  4031 , 1975203 
83 , 97340343,  97344386,  4043 , 1971844 
84 , 98324482,  98328536,  4054 , 1968289 
85 , 99307000,  99311063,  4063 , 1965045 
86 , 100287743,  100291817,  4074 , 1961497 
87 , 101266897,  101270984,  4087 , 1958321 
88 , 102244398,  102248496,  4098 , 1955013 
89 , 103220263,  103224372,  4109 , 1951741 
90 , 104194597,  104198718,  4121 , 1948680 
91 , 105167289,  105171421,  4132 , 1945395 
92 , 106138510,  106142654,  4144 , 1942454 
93 , 107108218,  107112371,  4153 , 1939425 
94 , 108076356,  108080520,  4164 , 1936287 
95 , 109043199,  109047375,  4176 , 1933698 
96 , 110008506,  110012693,  4187 , 1930625 
97 , 110972493,  110976691,  4198 , 1927985 
98 , 111934967,  111939177,  4210 , 1924960 
99 , 112896152,  112900370,  4218 , 1922378 
100 , 113855928,  113860158,  4230 , 1919564 
101 , 379923,  384081,  4158 , 8362982510 
102 , 1347615,  1351783,  4168 , 1935394 
103 , 2313912,  2318091,  4179 , 1932605 
104 , 3278768,  3282958,  4190 , 1929723 
105 , 4242212,  4246413,  4201 , 1926899 
106 , 5204285,  5208496,  4211 , 1924156 
107 , 6165021,  6169244,  4223 , 1921484 
108 , 7124353,  7128588,  4235 , 1918676 
109 , 8082326,  8086572,  4246 , 1915957 
110 , 9039041,  9043298,  4257 , 1913441 
111 , 9994450,  9998717,  4267 , 1910828 
112 , 10948609,  10952885,  4276 , 1908327 
113 , 11901578,  11905867,  4289 , 1905951 
114 , 12853382,  12857683,  4301 , 1903620 
115 , 13803876,  13808186,  4310 , 1900997 
116 , 14753217,  14757537,  4320 , 1898692 
117 , 15701452,  15705783,  4331 , 1896481 
118 , 16648465,  16652808,  4343 , 1894038 
119 , 17594352,  17598705,  4353 , 1891784 
120 , 18539127,  18543490,  4363 , 1889560 
121 , 19482846,  19487220,  4374 , 1887449 
122 , 20425300,  20429687,  4387 , 1884921 
123 , 21366767,  21371164,  4397 , 1882944 
124 , 22307053,  22311461,  4408 , 1880583 
125 , 23246338,  23250757,  4419 , 1878581 
126 , 24184496,  24188925,  4429 , 1876326 
127 , 25121695,  25126137,  4442 , 1874411 
128 , 26057788,  26062241,  4453 , 1872197 
129 , 26992892,  26997356,  4464 , 1870219 
130 , 27926970,  27931445,  4475 , 1868167 
131 , 28860093,  28864579,  4486 , 1866257 
132 , 29792187,  29796683,  4496 , 1864198 
133 , 30723380,  30727887,  4507 , 1862397 
134 , 31653551,  31658071,  4520 , 1860355 
135 , 32582798,  32587330,  4532 , 1858506 
136 , 33511093,  33515635,  4542 , 1856600 
137 , 34438486,  34443039,  4553 , 1854797 
138 , 35364923,  35369484,  4561 , 1852882 
139 , 36290521,  36295094,  4573 , 1851208 
140 , 37215223,  37219807,  4584 , 1849415 
141 , 38139031,  38143627,  4596 , 1847628 
142 , 39061986,  39066591,  4605 , 1845919 
143 , 39984121,  39988737,  4616 , 1844281 
144 , 40905378,  40910006,  4628 , 1842526 
145 , 41825826,  41830467,  4641 , 1840909 
146 , 42745422,  42750072,  4650 , 1839201 
147 , 43664168,  43668831,  4663 , 1837505 
148 , 44582145,  44586816,  4671 , 1835962 
149 , 45499213,  45503897,  4684 , 1834149 
150 , 46415560,  46420255,  4695 , 1832705 
151 , 47331111,  47335819,  4708 , 1831115 
152 , 419345,  424582,  5237 , 8496111589 
153 , 1304865,  1310113,  5248 , 1771051 
154 , 2189947,  2195206,  5259 , 1770175 
155 , 3074462,  3079731,  5269 , 1769040 
156 , 3958640,  3963920,  5280 , 1768367 
157 , 4842183,  4847476,  5293 , 1767099 
158 , 5725400,  5730704,  5304 , 1766445 
159 , 6607994,  6613309,  5315 , 1765199 
160 , 7490265,  7495594,  5329 , 1764556 
161 , 8371911,  8377250,  5339 , 1763302 
162 , 9253243,  9258593,  5350 , 1762675 
163 , 10134005,  10139367,  5362 , 1761536 
164 , 11014376,  11019749,  5373 , 1760753 
165 , 11894281,  11899667,  5386 , 1759823 
166 , 12773714,  12779111,  5397 , 1758877 
167 , 13652734,  13658142,  5408 , 1758051 
168 , 14531302,  14536723,  5421 , 1757149 
169 , 15409449,  15414877,  5428 , 1756301 
170 , 16287156,  16292598,  5442 , 1755428 
171 , 17164415,  17169868,  5453 , 1754529 
172 , 18041250,  18046715,  5465 , 1753682 
173 , 475037,  480560,  5523 , 8554802224 
174 , 1349341,  1354876,  5535 , 1748620 
175 , 2223253,  2228800,  5547 , 1747836 
176 , 3096699,  3102255,  5556 , 1746901 
177 , 3969798,  3975366,  5568 , 1746210 
178 , 4842497,  4848077,  5580 , 1745410 
179 , 5714827,  5720419,  5592 , 1744672 
180 , 6586729,  6592330,  5601 , 1743813 
181 , 7458317,  7463931,  5614 , 1743189 
182 , 8329480,  8335105,  5625 , 1742337 
183 , 9200317,  9205955,  5638 , 1741687 
184 , 10070743,  10076391,  5648 , 1740862 
185 , 10940811,  10946472,  5661 , 1740149 
186 , 11810584,  11816254,  5670 , 1739555 
187 , 12679903,  12685586,  5683 , 1738651 
188 , 13548960,  13554653,  5693 , 1738124 
189 , 14417575,  14423281,  5706 , 1737243 
190 , 15285897,  15291613,  5716 , 1736654 
191 , 16153798,  16159527,  5729 , 1735815 
192 , 17021450,  17027189,  5739 , 1735314 
193 , 17888653,  17894407,  5754 , 1734421 
194 , 18755583,  18761347,  5764 , 1733870 
195 , 19622092,  19627866,  5774 , 1733028 
196 , 20488364,  20494150,  5786 , 1732556 
197 , 21354183,  21359981,  5798 , 1731650 
198 , 22219802,  22225609,  5807 , 1731247 
199 , 23085003,  23090826,  5823 , 1730418 
200 , 23949913,  23955745,  5832 , 1729829 
201 , 24814476,  24820321,  5845 , 1729139 
202 , 25678792,  25684647,  5855 , 1728642 
203 , 26542660,  26548529,  5869 , 1727750 
204 , 337355,  346008,  8653 , 8537526766 
205 , 1161775,  1170442,  8667 , 1648854 
206 , 1986060,  1994739,  8679 , 1648582 
207 , 2810324,  2819018,  8694 , 1648543 
208 , 3634415,  3643122,  8707 , 1648195 
209 , 4458531,  4467251,  8720 , 1648245 
210 , 5282457,  5291192,  8735 , 1647867 
211 , 6106394,  6115140,  8746 , 1647885 
212 , 6930188,  6938946,  8758 , 1647600 
213 , 7753959,  7762729,  8770 , 1647554 
214 , 8577534,  8586318,  8784 , 1647164 
215 , 9401118,  9409914,  8796 , 1647180 
216 , 10224538,  10233346,  8808 , 1646852 
217 , 11047986,  11056807,  8821 , 1646909 
218 , 11871254,  11880086,  8832 , 1646547 
219 , 12694525,  12703372,  8847 , 1646557 
220 , 13517638,  13526496,  8858 , 1646237 
221 , 14340735,  14349605,  8870 , 1646206 
222 , 15163632,  15172516,  8884 , 1645808 
223 , 15986584,  15995481,  8897 , 1645917 
224 , 16809319,  16818229,  8910 , 1645483 
225 , 17632079,  17641002,  8923 , 1645533 
226 , 18454676,  18463614,  8938 , 1645209 
227 , 19277278,  19286226,  8948 , 1645214 
228 , 20099710,  20108672,  8962 , 1644878 
229 , 20922152,  20931126,  8974 , 1644896 
230 , 21744411,  21753399,  8988 , 1644532 
231 , 22566704,  22575703,  8999 , 1644597 
232 , 23388815,  23397827,  9012 , 1644235 
233 , 24210968,  24219994,  9026 , 1644320 
234 , 25032903,  25041942,  9039 , 1643883 
235 , 371220,  382269,  11049 , 8540613236 
236 , 1184433,  1195494,  11061 , 1626438 
237 , 1997600,  2008677,  11077 , 1626350 
238 , 2810706,  2821797,  11091 , 1626226 
239 , 3623777,  3634883,  11106 , 1626157 
240 , 4436791,  4447910,  11119 , 1626041 
241 , 5249809,  5260942,  11133 , 1626050 
242 , 6062712,  6073856,  11144 , 1625817 
243 , 6875630,  6886790,  11160 , 1625852 
244 , 7688452,  7699625,  11173 , 1625657 
245 , 8501298,  8512484,  11186 , 1625705 
246 , 9314039,  9325238,  11199 , 1625495 
247 , 10126771,  10137985,  11214 , 1625479 
248 , 10939399,  10950627,  11228 , 1625270 
249 , 11752064,  11763308,  11244 , 1625346 
250 , 12564629,  12575887,  11258 , 1625144 
251 , 13377218,  13388491,  11273 , 1625193 
252 , 14189719,  14201001,  11282 , 1625011 
253 , 15002205,  15013507,  11302 , 1624992 
254 , 15814589,  15825902,  11313 , 1624779 
255 , 16626999,  16638328,  11329 , 1624836 
256 , 316602,  335657,  19055 , 8557321524 
257 , 1118620,  1137693,  19073 , 1604054 
258 , 1920511,  1939613,  19102 , 1603811 
259 , 2722612,  2741729,  19117 , 1604217 
260 , 3524488,  3543630,  19142 , 1603777 
261 , 4326561,  4345717,  19156 , 1604160 
262 , 5128424,  5147605,  19181 , 1603751 
263 , 5930475,  5949668,  19193 , 1604114 
264 , 6732325,  6751543,  19218 , 1603725 
265 , 7534333,  7553568,  19235 , 1604033 
266 , 8336168,  8355424,  19256 , 1603691 
267 , 9138176,  9157448,  19272 , 1604032 
268 , 9939982,  9959278,  19296 , 1603636 
269 , 10741975,  10761290,  19315 , 1604005 
270 , 11543719,  11563052,  19333 , 1603506 
271 , 12345701,  12365056,  19355 , 1603986 
272 , 13147406,  13166789,  19383 , 1603438 
273 , 13949342,  13968743,  19401 , 1603890 
274 , 14751012,  14770439,  19427 , 1603366 
275 , 15552941,  15572388,  19447 , 1603878 
276 , 16354564,  16374038,  19474 , 1603273 
277 , 195767,  239334,  43567 , 8557641091 
278 , 993388,  1037031,  43643 , 1595318 
279 , 1791262,  1834966,  43704 , 1595809 
280 , 2588949,  2632711,  43762 , 1595432 
281 , 3386285,  3430120,  43835 , 1594745 
282 , 4184292,  4228167,  43875 , 1596054 
283 , 4981736,  5025672,  43936 , 1594949 
284 , 5779747,  5823725,  43978 , 1596064 
285 , 6577553,  6621142,  43589 , 1595223 
286 , 7375173,  7419231,  44058 , 1595709 
287 , 8172527,  8216641,  44114 , 1594764 
288 , 8970539,  9014686,  44147 , 1596057 
289 , 9767897,  9812090,  44193 , 1594762 
290 , 10565927,  10610159,  44232 , 1596099 
291 , 11363305,  11407590,  44285 , 1594809 
292 , 12161303,  12205617,  44314 , 1596025 
293 , 12958692,  13003050,  44358 , 1594822 
294 , 13756700,  13801091,  44391 , 1596049 
295 , 14554093,  14598529,  44436 , 1594831 
296 , 15352094,  15396555,  44461 , 1596027 
297 , 16149520,  16194029,  44509 , 1594900 
298 , 16947467,  16992010,  44543 , 1595928 
299 , 17744883,  17789468,  44585 , 1594874 
300 , 18542873,  18587487,  44614 , 1596009 
301 , 19340295,  19384955,  44660 , 1594890 
302 , 20138244,  20182935,  44691 , 1595929 
303 , 20935670,  20980411,  44741 , 1594902 
304 , 21733584,  21778360,  44776 , 1595863 
305 , 22531057,  22575865,  44808 , 1594978 
306 , 23328995,  23373836,  44841 , 1595909 
307 , 24126423,  24171309,  44886 , 1594901 
308 , 278743,  408547,  129804 , 8542324150 
309 , 1074722,  1204626,  129904 , 1592058 
310 , 1872049,  2002058,  130009 , 1594759 
311 , 2668014,  2798155,  130141 , 1592062 
312 , 3465177,  3595469,  130292 , 1594477 
313 , 4261222,  4391653,  130431 , 1592229 
314 , 5058534,  5189164,  130630 , 1594823 
315 , 5854460,  5985164,  130704 , 1591926 
316 , 6651804,  6782641,  130837 , 1594821 
317 , 7447798,  7578757,  130959 , 1592110 
318 , 8245026,  8376189,  131163 , 1594660 
319 , 9040951,  9172235,  131284 , 1591971 
320 , 9838215,  9969693,  131478 , 1594722 
321 , 10634227,  10765810,  131583 , 1592129 
322 , 11431645,  11563437,  131792 , 1595045 
323 , 12227535,  12359510,  131975 , 1591963 
324 , 13024966,  13157042,  132076 , 1594963 
325 , 13820814,  13953002,  132188 , 1591808 
326 , 14618093,  14750424,  132331 , 1594701 
327 , 15414051,  15546575,  132524 , 1592109 
328 , 16211352,  16344088,  132736 , 1594814 
329 , 17007245,  17140175,  132930 , 1591980 
330 , 17804599,  17937679,  133080 , 1594858 
331 , 18600639,  18733843,  133204 , 1592204 
332 , 19397903,  19531303,  133400 , 1594724 
333 , 20193829,  20327340,  133511 , 1591963 
334 , 20991090,  21124748,  133658 , 1594669 
335 , 21787085,  21920922,  133837 , 1592169 
336 , 22584248,  22718206,  133958 , 1594447 
337 , 23380294,  23514415,  134121 , 1592255 
338 , 24177583,  24311932,  134349 , 1594806 
339 , 108824,  180326,  71502 , 8541734227 
340 , 905838,  977412,  71574 , 1594100 
341 , 1702851,  1774527,  71676 , 1594128 
342 , 2499722,  2571481,  71759 , 1593825 
343 , 3297130,  3369038,  71908 , 1594965 
344 , 4093755,  4165655,  71900 , 1593242 
345 , 4891138,  4963116,  71978 , 1594844 
346 , 5687725,  5759738,  72013 , 1593209 
347 , 6485176,  6557328,  72152 , 1595041 
348 , 7281752,  7353946,  72194 , 1593194 
349 , 8079179,  8151426,  72247 , 1594907 
350 , 8875686,  8947996,  72310 , 1593077 
351 , 9673162,  9745541,  72379 , 1595021 
352 , 10469641,  10542060,  72419 , 1592998 
353 , 11267130,  11339639,  72509 , 1595068 
354 , 12063617,  12136192,  72575 , 1593040 
355 , 12861090,  12933739,  72649 , 1595020 
356 , 13657573,  13730287,  72714 , 1593031 
357 , 14455031,  14527808,  72777 , 1594979 
358 , 15251533,  15324372,  72839 , 1593066 
359 , 16049016,  16121928,  72912 , 1595039 
360 , 493430,  500318,  6888 , 8558757396 
361 , 1335830,  1342733,  6903 , 1684815 
362 , 2178046,  2184962,  6916 , 1684445 
363 , 3020040,  3026969,  6929 , 1684001 
364 , 3861878,  3868819,  6941 , 1683688 
365 , 4703521,  4710473,  6952 , 1683297 
366 , 5545014,  5551978,  6964 , 1682998 
367 , 6386301,  6393276,  6975 , 1682585 
368 , 7227434,  7234422,  6988 , 1682279 
369 , 8068390,  8075389,  6999 , 1681923 
370 , 8909179,  8916193,  7014 , 1681593 
371 , 9749797,  9756819,  7022 , 1681244 
372 , 10590254,  10597290,  7036 , 1680928 
373 , 11430505,  11437553,  7048 , 1680514 
374 , 12270593,  12277654,  7061 , 1680189 
375 , 13110542,  13117614,  7072 , 1679909 
376 , 13950306,  13957393,  7087 , 1679543 
377 , 14789906,  14797004,  7098 , 1679211 
378 , 15629294,  15636403,  7109 , 1678787 
379 , 16468572,  16475694,  7122 , 1678569 
380 , 17307655,  17314790,  7135 , 1678179 
381 , 18146597,  18153744,  7147 , 1677896 
382 , 18985380,  18992538,  7158 , 1677577 
383 , 19824000,  19831169,  7169 , 1677251 
384 , 20662430,  20669613,  7183 , 1676874 
385 , 21500757,  21507950,  7193 , 1676664 
386 , 22338783,  22345991,  7208 , 1676067 
387 , 23176757,  23183977,  7220 , 1675960 
388 , 24014385,  24021618,  7233 , 1675269 
389 , 24852198,  24859442,  7244 , 1675637 
390 , 25689501,  25696760,  7259 , 1674621 
Число меток разделителя:  12 
0 
101 
152 
173 
204 
235 
256 
277 
308 
339 
360 
391 
Эффективный угловой размер затеняющй спицы:  0.005208701185  0.000003403221 
Период линейных колебаний [сек]:  1.329024761747  0.000868347849   