 0 , 831850,  835031,  3181 
1 , 2746993,  2750191,  3198 , 3830303 
2 , 4485156,  4488369,  3213 , 3476341 
3 , 6123177,  6126405,  3228 , 3276057 
4 , 7690462,  7693707,  3245 , 3134587 
5 , 9204624,  9207886,  3262 , 3028341 
6 , 10675046,  10678323,  3277 , 2940859 
7 , 12109342,  12112635,  3293 , 2868608 
8 , 13512340,  13515649,  3309 , 2806012 
9 , 14888346,  14891672,  3326 , 2752029 
10 , 16240019,  16243360,  3341 , 2703361 
11 , 17570423,  17573779,  3356 , 2660823 
12 , 18881039,  18884412,  3373 , 2621249 
13 , 20174234,  20177624,  3390 , 2586407 
14 , 21451206,  21454610,  3404 , 2553958 
15 , 22713325,  22716745,  3420 , 2524254 
16 , 23961713,  23965149,  3436 , 2496792 
17 , 25197354,  25200806,  3452 , 2471298 
18 , 26420979,  26424445,  3466 , 2447264 
19 , 27633425,  27636908,  3483 , 2424909 
20 , 28835346,  28838847,  3501 , 2403860 
21 , 30027243,  30030758,  3515 , 2383808 
22 , 31209709,  31213242,  3533 , 2364950 
23 , 32383385,  32386933,  3548 , 2347367 
24 , 33548504,  33552066,  3562 , 2330252 
25 , 34705722,  34709300,  3578 , 2314452 
26 , 35855243,  35858838,  3595 , 2299059 
27 , 36997555,  37001166,  3611 , 2284640 
28 , 38132843,  38136470,  3627 , 2270592 
29 , 39261595,  39265238,  3643 , 2257520 
30 , 40383876,  40387535,  3659 , 2244578 
31 , 41500130,  41503804,  3674 , 2232523 
32 , 42610564,  42614256,  3692 , 2220886 
33 , 43715368,  43719074,  3706 , 2209622 
34 , 44814839,  44818561,  3722 , 2198958 
35 , 45909016,  45912754,  3738 , 2188370 
36 , 46998199,  47001952,  3753 , 2178381 
37 , 48082518,  48086286,  3768 , 2168653 
38 , 49162191,  49165975,  3784 , 2159362 
39 , 50237206,  50241006,  3800 , 2150046 
40 , 51307960,  51311777,  3817 , 2141525 
41 , 52374362,  52378195,  3833 , 2132820 
42 , 53436840,  53440688,  3848 , 2124971 
43 , 54495226,  54499089,  3863 , 2116787 
44 , 55549989,  55553867,  3878 , 2109541 
45 , 56600856,  56604749,  3893 , 2101749 
46 , 57648318,  57652229,  3911 , 2094942 
47 , 58692072,  58695996,  3924 , 2087521 
48 , 59732692,  59736632,  3940 , 2081256 
49 , 60769759,  60773713,  3954 , 2074148 
50 , 61803896,  61807868,  3972 , 2068292 
51 , 62834633,  62838619,  3986 , 2061488 
52 , 63862611,  63866615,  4004 , 2055974 
53 , 64887401,  64891418,  4017 , 2049593 
54 , 65909515,  65913550,  4035 , 2044246 
55 , 66928622,  66932671,  4049 , 2038228 
56 , 67945130,  67949195,  4065 , 2033032 
57 , 68958828,  68962908,  4080 , 2027411 
58 , 69970032,  69974127,  4095 , 2022423 
59 , 70978552,  70982664,  4112 , 2017057 
60 , 71984712,  71988838,  4126 , 2012334 
61 , 72988306,  72992447,  4141 , 2007203 
62 , 73989631,  73993791,  4160 , 2002669 
63 , 74988508,  74992681,  4173 , 1997767 
64 , 75985263,  75989451,  4188 , 1993525 
65 , 76979619,  76983822,  4203 , 1988727 
66 , 77971955,  77976176,  4221 , 1984690 
67 , 78961980,  78966215,  4235 , 1980064 
68 , 79950024,  79954277,  4253 , 1976106 
69 , 80935880,  80940147,  4267 , 1971726 
70 , 81919826,  81924109,  4283 , 1967908 
71 , 82901670,  82905968,  4298 , 1963703 
72 , 83881674,  83885987,  4313 , 1960023 
73 , 84859689,  84864018,  4329 , 1956046 
74 , 85835934,  85840280,  4346 , 1952507 
75 , 86810211,  86814573,  4362 , 1948570 
76 , 87782837,  87787214,  4377 , 1945267 
77 , 88753566,  88757958,  4392 , 1941473 
78 , 89722683,  89727092,  4409 , 1938251 
79 , 90689992,  90694417,  4425 , 1934634 
80 , 91655779,  91660219,  4440 , 1931589 
81 , 92619814,  92624269,  4455 , 1928085 
82 , 93582382,  93586854,  4472 , 1925153 
83 , 94543229,  94547714,  4485 , 1921707 
84 , 95502675,  95507177,  4502 , 1918909 
85 , 96460470,  96464989,  4519 , 1915607 
86 , 97416890,  97421424,  4534 , 1912855 
87 , 98371714,  98376265,  4551 , 1909665 
88 , 99325222,  99329787,  4565 , 1907030 
89 , 100277188,  100281769,  4581 , 1903948 
90 , 101227891,  101232489,  4598 , 1901423 
91 , 102177066,  102181679,  4613 , 1898365 
92 , 103125027,  103129657,  4630 , 1895939 
93 , 104071548,  104076191,  4643 , 1893055 
94 , 105016895,  105021557,  4662 , 1890713 
95 , 105960838,  105965514,  4676 , 1887900 
96 , 106903640,  106908332,  4692 , 1885620 
97 , 107845088,  107849796,  4708 , 1882912 
98 , 108785414,  108790140,  4726 , 1880670 
99 , 109724416,  109729157,  4741 , 1878019 
100 , 110662348,  110667104,  4756 , 1875879 
101 , 294425,  299773,  5348 , 8369199338 
102 , 1197869,  1203231,  5362 , 1806902 
103 , 2100801,  2106181,  5380 , 1805882 
104 , 3002881,  3008277,  5396 , 1804176 
105 , 3904474,  3909886,  5412 , 1803202 
106 , 4805237,  4810665,  5428 , 1801542 
107 , 5705504,  5710948,  5444 , 1800550 
108 , 6604935,  6610394,  5459 , 1798877 
109 , 7503907,  7509382,  5475 , 1797960 
110 , 8402049,  8407541,  5492 , 1796301 
111 , 9299744,  9305252,  5508 , 1795406 
112 , 10196648,  10202172,  5524 , 1793824 
113 , 11093115,  11098655,  5540 , 1792950 
114 , 11988804,  11994361,  5557 , 1791395 
115 , 12884062,  12889634,  5572 , 1790531 
116 , 13778549,  13784135,  5586 , 1788988 
117 , 14672628,  14678232,  5604 , 1788176 
118 , 15565957,  15571577,  5620 , 1786674 
119 , 16458877,  16464513,  5636 , 1785856 
120 , 17351065,  17356718,  5653 , 1784393 
121 , 18242873,  18248542,  5669 , 1783632 
122 , 335636,  342108,  6472 , 8554120921 
123 , 1205432,  1211922,  6490 , 1739610 
124 , 2075026,  2081534,  6508 , 1739206 
125 , 2944154,  2950680,  6526 , 1738274 
126 , 3813098,  3819637,  6539 , 1737901 
127 , 4681572,  4688127,  6555 , 1736964 
128 , 5549865,  5556439,  6574 , 1736605 
129 , 6417692,  6424284,  6592 , 1735672 
130 , 7285328,  7291935,  6607 , 1735287 
131 , 8152522,  8159146,  6624 , 1734405 
132 , 9019516,  9026154,  6638 , 1734002 
133 , 9886086,  9892742,  6656 , 1733158 
134 , 10752443,  10759117,  6674 , 1732732 
135 , 11618379,  11625070,  6691 , 1731889 
136 , 12484109,  12490816,  6707 , 1731476 
137 , 13349431,  13356157,  6726 , 1730663 
138 , 14214527,  14221268,  6741 , 1730207 
139 , 15079231,  15085990,  6759 , 1729426 
140 , 15943727,  15950502,  6775 , 1729008 
141 , 16807843,  16814636,  6793 , 1728250 
142 , 17671761,  17678569,  6808 , 1727851 
143 , 300612,  307737,  7125 , 8555192611 
144 , 1159138,  1166280,  7142 , 1717069 
145 , 2017529,  2024689,  7160 , 1716800 
146 , 2875574,  2882750,  7176 , 1716106 
147 , 3733503,  3740696,  7193 , 1715875 
148 , 4591084,  4598294,  7210 , 1715179 
149 , 5448543,  5455770,  7227 , 1714935 
150 , 6305659,  6312902,  7243 , 1714248 
151 , 7162649,  7169910,  7261 , 1713998 
152 , 8019300,  8026577,  7277 , 1713318 
153 , 8875818,  8883114,  7296 , 1713055 
154 , 9732021,  9739334,  7313 , 1712423 
155 , 10588096,  10595424,  7328 , 1712165 
156 , 11443861,  11451207,  7346 , 1711548 
157 , 12299493,  12306855,  7362 , 1711280 
158 , 13154806,  13162184,  7378 , 1710642 
159 , 14010023,  14017418,  7395 , 1710451 
160 , 14864927,  14872339,  7412 , 1709825 
161 , 15719687,  15727116,  7429 , 1709537 
162 , 16574167,  16581614,  7447 , 1708978 
163 , 17428551,  17436014,  7463 , 1708784 
164 , 290153,  298174,  8021 , 8555658354 
165 , 1138199,  1146237,  8038 , 1696109 
166 , 1986107,  1994165,  8058 , 1695836 
167 , 2833830,  2841905,  8075 , 1695463 
168 , 3681379,  3689472,  8093 , 1695116 
169 , 4528840,  4536949,  8109 , 1694938 
170 , 5376057,  5384184,  8127 , 1694452 
171 , 6223203,  6231349,  8146 , 1694311 
172 , 7070093,  7078257,  8164 , 1693798 
173 , 7916909,  7925090,  8181 , 1693649 
174 , 8763473,  8771672,  8199 , 1693146 
175 , 9609959,  9618176,  8217 , 1692990 
176 , 10456224,  10464458,  8234 , 1692547 
177 , 11302388,  11310641,  8253 , 1692347 
178 , 12148337,  12156608,  8271 , 1691916 
179 , 12994187,  13002474,  8287 , 1691716 
180 , 13839842,  13848150,  8308 , 1691331 
181 , 14685407,  14693729,  8322 , 1691144 
182 , 15530740,  15539083,  8343 , 1690687 
183 , 16375985,  16384345,  8360 , 1690507 
184 , 17221013,  17229392,  8379 , 1690075 
185 , 270667,  281108,  10441 , 8556035962 
186 , 1103619,  1114078,  10459 , 1665922 
187 , 1936540,  1947018,  10478 , 1665861 
188 , 2769357,  2779854,  10497 , 1665653 
189 , 3602127,  3612646,  10519 , 1665562 
190 , 4434799,  4445334,  10535 , 1665360 
191 , 5267413,  5277968,  10555 , 1665248 
192 , 6099935,  6110508,  10573 , 1665062 
193 , 6932404,  6942997,  10593 , 1664958 
194 , 7764772,  7775382,  10610 , 1664753 
195 , 8597079,  8607709,  10630 , 1664634 
196 , 9429296,  9439945,  10649 , 1664453 
197 , 10261460,  10272127,  10667 , 1664346 
198 , 11093544,  11104230,  10686 , 1664187 
199 , 11925558,  11936265,  10707 , 1664049 
200 , 12757491,  12768215,  10724 , 1663883 
201 , 13589374,  13600118,  10744 , 1663786 
202 , 14421162,  14431924,  10762 , 1663594 
203 , 15252912,  15263693,  10781 , 1663519 
204 , 16084539,  16095339,  10800 , 1663273 
205 , 16916143,  16926962,  10819 , 1663227 
206 , 301134,  317054,  15920 , 8556709675 
207 , 1122615,  1138560,  15945 , 1642987 
208 , 1944013,  1959987,  15974 , 1642825 
209 , 2765431,  2781425,  15994 , 1642856 
210 , 3586781,  3602799,  16018 , 1642724 
211 , 4408145,  4424185,  16040 , 1642750 
212 , 5229442,  5245508,  16066 , 1642620 
213 , 6050837,  6066923,  16086 , 1642810 
214 , 6871992,  6888105,  16113 , 1642337 
215 , 7693333,  7709467,  16134 , 1642703 
216 , 8514450,  8530606,  16156 , 1642256 
217 , 9335751,  9351929,  16178 , 1642624 
218 , 10156809,  10173012,  16203 , 1642141 
219 , 10978062,  10994287,  16225 , 1642528 
220 , 11799089,  11815341,  16252 , 1642081 
221 , 12620274,  12636544,  16270 , 1642388 
222 , 13441255,  13457552,  16297 , 1641989 
223 , 14262410,  14278726,  16316 , 1642329 
224 , 15083356,  15099698,  16342 , 1641918 
225 , 15904466,  15920831,  16365 , 1642243 
226 , 16725358,  16741747,  16389 , 1641808 
227 , 168059,  190905,  22846 , 8556826451 
228 , 985178,  1008062,  22884 , 1634276 
229 , 1802133,  1825044,  22911 , 1633937 
230 , 2619246,  2642185,  22939 , 1634254 
231 , 3436217,  3459186,  22969 , 1633972 
232 , 4253298,  4276293,  22995 , 1634188 
233 , 5070248,  5093270,  23022 , 1633927 
234 , 5887387,  5910438,  23051 , 1634307 
235 , 6704220,  6727298,  23078 , 1633693 
236 , 7521368,  7544476,  23108 , 1634326 
237 , 8338198,  8361336,  23138 , 1633690 
238 , 9155333,  9178499,  23166 , 1634298 
239 , 9972135,  9995332,  23197 , 1633635 
240 , 10789254,  10812477,  23223 , 1634264 
241 , 11606055,  11629308,  23253 , 1633632 
242 , 12423142,  12446421,  23279 , 1634200 
243 , 13239928,  13263238,  23310 , 1633603 
244 , 14057005,  14080340,  23335 , 1634179 
245 , 14873758,  14897126,  23368 , 1633539 
246 , 15690835,  15714232,  23397 , 1634183 
247 , 16507577,  16531004,  23427 , 1633514 
248 , 261849,  294097,  32248 , 8557451957 
249 , 1077223,  1109502,  32279 , 1630779 
250 , 1891986,  1924302,  32316 , 1629563 
251 , 2707341,  2739694,  32353 , 1630747 
252 , 3522088,  3554478,  32390 , 1629531 
253 , 4337462,  4369883,  32421 , 1630779 
254 , 5152173,  5184636,  32463 , 1629464 
255 , 5967552,  6000051,  32499 , 1630794 
256 , 6782248,  6814782,  32534 , 1629427 
257 , 7597603,  7630178,  32575 , 1630751 
258 , 8412280,  8444893,  32613 , 1629392 
259 , 9227614,  9260261,  32647 , 1630702 
260 , 10042278,  10074964,  32686 , 1629367 
261 , 10857583,  10890306,  32723 , 1630647 
262 , 11672271,  11705034,  32763 , 1629416 
263 , 12487533,  12520333,  32800 , 1630561 
264 , 13302203,  13335037,  32834 , 1629374 
265 , 14117497,  14150369,  32872 , 1630626 
266 , 14932154,  14965065,  32911 , 1629353 
267 , 15747422,  15780368,  32946 , 1630571 
268 , 16562085,  16595070,  32985 , 1629365 
269 , 759031,  808675,  49644 , 8558345143 
270 , 1573644,  1623340,  49696 , 1629278 
271 , 2387571,  2437325,  49754 , 1627912 
272 , 3202152,  3251959,  49807 , 1629215 
273 , 4016066,  4065921,  49855 , 1627876 
274 , 4830644,  4880559,  49915 , 1629216 
275 , 5644552,  5694518,  49966 , 1627867 
276 , 6459110,  6509130,  50020 , 1629170 
277 , 7273011,  7323079,  50068 , 1627850 
278 , 8087542,  8137664,  50122 , 1629116 
279 , 8901460,  8951639,  50179 , 1627893 
280 , 9715998,  9766224,  50226 , 1629123 
281 , 10529889,  10580165,  50276 , 1627832 
282 , 11344421,  11394743,  50322 , 1629110 
283 , 12158316,  12208694,  50378 , 1627846 
284 , 12972846,  13023275,  50429 , 1629111 
285 , 13786737,  13837217,  50480 , 1627833 
286 , 14601265,  14651794,  50529 , 1629105 
287 , 15415159,  15465743,  50584 , 1627843 
288 , 16229679,  16280316,  50637 , 1629093 
289 , 17043583,  17094274,  50691 , 1627862 
290 , 329818,  567898,  238080 , 8556694451 
291 , 1146817,  1385365,  238548 , 1634466 
292 , 1957807,  2196829,  239022 , 1622454 
293 , 2774915,  3014363,  239448 , 1634642 
294 , 3585849,  3825666,  239817 , 1622237 
295 , 4403086,  4643408,  240322 , 1634979 
296 , 5213836,  5454685,  240849 , 1622027 
297 , 6031020,  6272319,  241299 , 1634818 
298 , 6841868,  7083610,  241742 , 1622139 
299 , 7659122,  7901322,  242200 , 1634966 
300 , 8469887,  8712563,  242676 , 1622006 
301 , 9287147,  9530232,  243085 , 1634929 
302 , 10097940,  10341472,  243532 , 1622033 
303 , 10915134,  11159075,  243941 , 1634797 
304 , 11726013,  11970450,  244437 , 1622254 
305 , 12543159,  12788079,  244920 , 1634775 
306 , 13354004,  13599364,  245360 , 1622130 
307 , 14171212,  14417047,  245835 , 1634891 
308 , 14982009,  15228334,  246325 , 1622084 
309 , 15799264,  16046058,  246794 , 1634979 
310 , 16610070,  16857261,  247191 , 1622009 
311 , 101084,  231765,  130681 , 8556800110 
312 , 913514,  1044398,  130884 , 1625063 
313 , 1728402,  1859443,  131041 , 1629933 
314 , 2540902,  2672095,  131193 , 1625152 
315 , 3355883,  3487248,  131365 , 1630134 
316 , 4168380,  4299908,  131528 , 1625157 
317 , 4983348,  5115043,  131695 , 1630103 
318 , 5795856,  5927729,  131873 , 1625194 
319 , 6610827,  6742853,  132026 , 1630095 
320 , 7423348,  7555532,  132184 , 1625200 
321 , 8238336,  8370682,  132346 , 1630138 
322 , 9050884,  9183413,  132529 , 1625279 
323 , 9865832,  9998549,  132717 , 1630084 
324 , 10678371,  10811249,  132878 , 1625239 
325 , 11493346,  11626395,  133049 , 1630121 
326 , 12305903,  12439119,  133216 , 1625281 
327 , 13120889,  13254299,  133410 , 1630166 
328 , 13933337,  14066929,  133592 , 1625078 
329 , 14748368,  14882120,  133752 , 1630222 
330 , 15560846,  15694786,  133940 , 1625144 
331 , 16375882,  16510006,  134124 , 1630256 